Recall of fold 1: 
HLA_A:[0.         0.88461538 0.         0.26086957 0.53333333 0.
 0.         0.         0.62790698 0.         0.         0.
 0.         0.         0.         1.         0.         0.91333333
 0.         0.         0.         0.         0.71875    0.
 0.         0.23529412 0.         0.         0.625      1.
 1.         0.         0.         0.94736842 0.         0.1
 1.         0.         0.         0.        ]
HLA_B:[0.         0.         0.86       0.         0.         0.
 0.05       0.         0.         0.3956044  0.         0.
 0.         0.         0.         0.         0.         0.
 0.24242424 0.         0.         0.         0.         0.
 0.         0.         0.         0.         0.         0.
 1.         0.         0.         0.         0.5        0.
 0.         0.         0.         0.         0.         0.
 0.         0.         0.         0.58823529 0.38181818 0.
 0.         0.         0.         0.         0.         0.
 0.         0.         0.         0.         0.         0.
 0.         0.         0.         0.         0.         0.
 0.         0.         0.72222222 0.75       0.         0.
 0.         0.        ]
HLA_C:[0.         0.54       0.         0.         0.         0.
 0.81034483 0.         0.12941176 0.16666667 0.         0.
 0.         0.         0.         0.         0.         0.
 0.56097561 0.625      0.9        0.         0.         0.
 0.37606838 0.         0.         0.         0.         0.
 0.         0.         0.86666667 0.         0.         0.
 0.        ]
HLA_DQA1:[0.75384615 0.         0.375      0.15789474 0.34883721 0.47368421
 0.         0.         0.52830189 0.59375    0.1686747 ]
HLA_DQB1:[0.43678161 0.65882353 0.25       0.37349398 0.         0.
 0.12121212 0.         0.71186441 0.         0.09090909 0.
 0.         0.         0.05       0.         0.         0.
 0.        ]
HLA_DRB1:[0.         0.         0.         0.5        0.         0.
 0.         0.         0.         0.         0.         0.
 0.         0.         0.         0.         0.52173913 0.
 0.         0.         0.         0.3        0.75510204 0.04444444
 0.         0.         0.         0.63157895 0.         0.
 0.         1.         0.         0.         0.01315789 0.
 0.         0.         0.         0.         0.         0.
 0.         0.         0.         0.         0.         0.
 0.         0.         0.         0.         0.        ]
HLA_DPB1:[0.         0.         0.22222222 0.         0.5        0.33333333
 0.2        0.74285714 0.         0.         0.         0.
 0.08163265 0.         0.03076923 0.5        0.         0.03296703
 0.         0.         0.         0.         0.         0.12837838]
Recall of fold 2: 
HLA_A:[0.         0.55555556 0.         0.         0.46153846 0.
 0.         0.         0.53488372 0.         0.         0.
 0.         0.         0.         0.33333333 0.         0.89864865
 0.11363636 0.         0.         0.         0.68918919 0.
 0.         0.5        0.         0.         0.94117647 0.95121951
 0.55       0.         0.         0.93181818 0.         0.25
 0.42857143 0.         0.         0.        ]
HLA_B:[0.         0.5        0.68292683 0.         0.         0.125
 0.         0.         0.         0.42       0.         0.
 0.         0.11111111 0.         0.         0.         0.03571429
 0.         0.         0.         0.         0.         0.
 0.         0.         0.         0.         0.         0.04761905
 0.25       0.         0.         0.         0.         0.
 0.         0.         0.         0.         0.08695652 0.02
 0.         0.         0.         0.65517241 0.5        0.
 0.         0.         0.         0.         0.1        0.
 0.         0.         0.         0.         0.         0.
 0.         0.         0.         0.         0.         0.
 0.07692308 0.         0.25       0.57142857 0.         0.
 0.         0.05714286]
HLA_C:[0.         0.75       0.         0.         0.         0.
 0.65151515 0.         0.         1.         0.         0.
 0.         0.         0.         0.         0.         0.
 0.34615385 0.15862069 0.78947368 0.         0.         0.
 0.42519685 0.         0.         0.         1.         0.
 0.15384615 0.         0.675      0.         0.         0.
 0.        ]
HLA_DQA1:[0.67391304 0.         0.23076923 0.16       0.45238095 0.38834951
 0.         0.         0.35       0.61538462 0.23809524]
HLA_DQB1:[0.5        0.74242424 0.75       0.32846715 0.         0.
 0.11111111 0.         0.67307692 0.375      0.11111111 0.
 0.         0.         0.         0.         0.13333333 0.
 0.25      ]
HLA_DRB1:[0.         0.         0.         0.33333333 0.         0.
 0.         0.         0.05882353 0.16       0.         0.
 0.         0.         0.         0.         0.4        0.
 0.         0.         0.         0.375      0.6097561  0.
 0.         0.         0.         0.66666667 0.         0.03703704
 0.         0.         0.         0.         0.03225806 0.33333333
 0.         0.         0.07692308 0.         0.         0.
 0.         0.         0.         0.         0.23913043 0.
 0.         0.         0.         0.         0.        ]
HLA_DPB1:[0.         0.         0.         0.         0.         0.26548673
 0.         0.71551724 0.         0.         0.         0.24590164
 0.         0.         0.         0.11666667 0.         0.
 0.         0.05882353 0.         0.         0.01234568 0.42857143]
Recall of fold 3: 
HLA_A:[0.         0.68181818 0.         0.14814815 0.22222222 0.
 0.         0.33333333 0.54716981 0.         0.         0.
 0.         0.         0.         0.8        0.         0.94017094
 0.25       0.         0.         0.         0.67647059 0.
 0.         0.25       0.         0.         1.         0.88135593
 0.         1.         0.         0.95890411 0.         0.
 0.         0.         0.         0.        ]
HLA_B:[0.         0.5        0.62711864 0.         0.         0.11111111
 0.         0.         0.         0.34782609 0.         0.
 0.         0.         0.         0.         0.         0.
 0.17307692 0.         0.         0.         0.         0.
 0.         0.         0.11111111 0.         0.         0.
 0.         0.33333333 0.         0.02439024 0.         0.
 0.         0.22222222 0.         0.         0.11111111 0.
 0.         0.         0.         0.75       0.48648649 0.
 0.         0.         0.         0.         0.         0.17647059
 0.         0.         0.         0.         0.10526316 0.
 0.         0.         0.         0.         0.         0.
 0.         0.         0.52631579 0.68421053 0.         0.
 0.         0.        ]
HLA_C:[0.         0.54945055 0.         0.         0.         0.
 0.7        0.         0.         0.         0.         0.
 0.         0.         0.4        0.16666667 0.         0.
 0.70833333 0.375      0.43243243 0.         0.         0.
 0.35483871 0.         0.         0.         0.1        0.
 0.         0.         0.62711864 0.         0.         0.
 0.        ]
HLA_DQA1:[0.58695652 0.         0.26       0.12345679 0.64864865 0.33333333
 0.         0.         0.42857143 0.57857143 0.        ]
HLA_DQB1:[0.54098361 0.61538462 0.         0.52727273 0.         0.
 0.         0.         0.47368421 0.125      0.125      0.
 0.         0.         0.01515152 0.         0.08450704 0.
 0.        ]
HLA_DRB1:[0.         0.         0.         0.36538462 0.         0.
 0.         0.         0.         0.         0.         0.
 0.         0.         0.         0.         0.61290323 0.
 0.         0.         0.         0.36144578 0.53125    0.
 0.         0.         0.         0.55319149 0.         0.
 0.         0.         0.         0.         0.01612903 0.
 0.         0.         0.         0.         0.         0.
 0.         0.         0.         0.125      0.4        0.
 0.         0.         0.         0.         0.09302326]
HLA_DPB1:[0.         0.         0.         0.24       0.3        0.35
 0.04       0.72916667 0.         0.         0.         0.26315789
 0.         0.         0.         0.14634146 0.         0.
 0.         0.02040816 0.         0.         0.         0.        ]
